(-0.000192235,-2.29173e-05)
(-0.00220775,-0.000540751)
(-0.00357061,-0.00372398)
(0.0809755,0.00315877)
(0.136294,0.129499)
(0.0443289,0.23659)
(-0.134196,0.121871)
(-0.605652,0.100047)
(-1.0142,0.00124011)
(-1.10086,-0.0301688)
(-1.08264,0.108578)
(-1.02953,0.0353532)
(-0.97987,0.0468885)
(-1.01091,-0.26474)
(-0.779673,0.00115442)
(-0.278841,0.896768)
(-0.00860839,1.09678)
(-0.120318,0.970431)
(0.114234,1.09643)
(0.216685,1.02687)
(0.00551886,1.12952)
(-0.0385764,1.04313)
(-0.243001,0.690987)
(-0.937124,0.326268)
(-1.07608,-0.00836768)
(-0.904941,0.0445633)
(-0.946357,0.0565159)
(-0.986387,-0.0342308)
(-0.970886,-0.0989852)
(-1.01524,-0.111835)
(-0.930517,-0.209496)
(-0.188437,-0.871891)
(0.176591,-1.19232)
(0.00871774,-1.08036)
(0.0613028,-1.08866)
(-0.0279328,-1.13652)
(-0.0855708,-1.08859)
(0.0894425,-1.01936)
(0.260762,-0.96316)
(0.0569574,-0.957448)
(0.199963,-0.875955)
(0.181515,-0.859529)
(-0.0262614,-1.04174)
(-0.00201701,-0.977764)
(0.0944944,-0.73031)
(-0.020409,-0.964627)
(-0.0943842,-1.12655)
(-0.0757824,-0.844828)
(-0.154671,-1.05644)
(-0.15528,-1.03802)
(-0.0591102,-0.878908)
(0.182801,-0.996489)
(0.214469,-1.14785)
(0.310161,-1.04506)
(0.00248762,-0.749476)
(-0.880737,-0.057896)
(-1.21772,0.0878344)
(-1.02073,0.0690612)
(-0.955119,0.119)
(-0.83777,0.0678506)
(-0.728198,0.0545584)
(-1.12236,-0.0773427)
(-1.00798,0.167149)
(-0.294671,0.686277)
(0.299718,0.9069)
(0.1809,0.841077)
(-0.0678614,0.924252)
(-0.117472,1.01061)
(0.0496134,0.929071)
(-0.0052839,0.869044)
(-0.264357,0.615692)
(0.0120749,-0.360538)
(-0.0778501,-1.03559)
(-0.142136,-1.03339)
(-0.163122,-1.12279)
(-0.0902959,-1.13643)
(-0.134936,-1.20461)
(-0.13412,-1.16694)
(-0.208354,-0.838065)
(-0.798493,-0.279437)
(-1.17025,-0.0150216)
(-1.05607,-0.148178)
(-0.914847,-0.209)
(-0.839258,-0.308013)
(-0.958911,-0.351597)
(-1.10717,-0.245254)
(-1.15034,-0.0965102)
(-1.04722,-0.112038)
(-1.03383,-0.019532)
(-1.2044,0.0847481)
(-1.18478,-9.92525e-05)
(-1.19198,-0.127333)
(-1.25339,-0.0702045)
(-0.996812,0.0617992)
(-0.85352,-0.0519983)
(-0.42603,-0.707699)
(-0.0836409,-1.21826)
(0.0416258,-1.02096)
(0.165583,-0.903788)
(0.0139189,-0.96556)
(0.103978,-0.920522)
(0.115474,-0.854411)
(-0.18844,-0.830662)
(-0.816658,-0.317635)
(-1.20206,-0.0575279)
(-1.15072,0.000395211)
(-1.05608,0.0284646)
(-0.887982,0.0285858)
(-0.974955,0.135569)
(-1.20265,0.0331104)
(-0.971828,-0.306452)
(-0.406144,-0.77632)
(-0.125496,-0.908084)
(0.0643665,-0.904903)
(0.100309,-0.949937)
(0.0444574,-1.07388)
(0.0155747,-0.962939)
(-0.0620642,-0.951515)
(-0.16458,-0.764223)
(-0.833612,-0.344365)
(-1.2639,0.0284331)
(-1.0101,0.0296067)
(-1.03692,0.115264)
(-1.00254,0.283384)
(-0.896455,0.132567)
(-1.02317,-0.144961)
(-0.938362,-0.122926)
(-0.974256,0.05502)
(-1.07576,0.132554)
(-1.07708,-0.0435723)
(-1.07241,-0.0237731)
(-1.19982,-0.183007)
(-1.04954,-0.110861)
(-0.988174,0.188022)
(-0.904464,0.361077)
(-0.268044,0.754625)
(0.0399072,1.05067)
(-0.0230786,0.992447)
(0.0587195,0.920156)
(0.00148064,0.957321)
(0.0891535,0.830904)
(0.107834,0.915464)
(-0.132658,0.643197)
(-0.173486,-0.325691)
(-0.129818,-1.03609)
(-0.0458711,-0.976804)
(0.025531,-0.828636)
(0.0219469,-0.938484)
(-0.024664,-1.0415)
(0.0264826,-1.1479)
(0.16045,-0.947866)
(0.18898,0.39848)
(-0.0242363,1.15)
(-0.0864553,1.18515)
(0.0155465,1.2387)
(0.0326012,1.07007)
(0.0419155,1.01202)
(0.160411,1.03271)
(-0.0198571,0.81119)
(-0.575721,0.273825)
(-0.877198,-0.286385)
(-0.767777,-0.225982)
(-0.77294,-0.0419102)
(-0.986702,-0.0762795)
(-1.13653,0.0034083)
(-1.16208,0.0285078)
(-0.942042,0.00173884)
(-0.898898,0.184166)
(-1.19006,0.229535)
(-1.20631,-0.0101358)
(-1.0102,-0.0820534)
(-1.00636,0.0130919)
(-1.08306,0.122568)
(-1.16745,-0.0174799)
(-0.692855,-0.0204086)
(0.518538,0.0526459)
(1.15192,-0.0916931)
(0.863818,-0.0499072)
(0.918477,-0.0718228)
(1.09104,-0.0871874)
(0.980206,-0.0332462)
(0.851461,0.025409)
(0.672049,0.167656)
(0.0460768,0.637562)
(-0.103642,1.06912)
(0.0069377,1.01836)
(-0.0842316,0.961964)
(-0.0231205,1.03266)
(0.0585995,1.01034)
(-0.13132,1.19315)
(-0.254465,0.786513)
(-0.188599,-0.406463)
(-0.185975,-1.13228)
(-0.106276,-1.04152)
(0.00504438,-0.901941)
(-0.0277186,-0.835085)
(-0.102239,-0.969236)
(-0.130717,-1.12174)
(-0.00920929,-0.618579)
(0.0440235,0.406837)
(-0.0773857,1.04668)
(-0.063218,0.919705)
(0.0885837,0.986119)
(0.213672,0.997147)
(0.0322313,1.08616)
(0.0913432,1.13108)
(0.0272865,0.72787)
(-0.11366,-0.605852)
(-0.214032,-1.35907)
(-0.00166497,-1.0865)
(0.194332,-1.08213)
(0.0727116,-0.97392)
(-0.109994,-0.983639)
(-0.0454971,-0.923852)
(-0.0752519,-0.847911)
(0.059071,-0.881279)
(0.175475,-1.01326)
(-0.182094,-1.24165)
(-0.25747,-1.15988)
(-0.0136087,-0.931692)
(0.124167,-1.07636)
(0.0356659,-1.27993)
(0.126866,-0.855722)
(0.00708716,0.484688)
(-0.155991,1.13947)
(-0.024957,1.02251)
(-0.054944,0.935603)
(-0.0279797,0.945326)
(-0.00980256,1.09129)
(-0.0605126,1.0235)
(0.0263753,0.951576)
(0.099933,1.02401)
(0.1257,0.88871)
(-0.0191351,0.708796)
(-0.0881124,0.923164)
(0.0168262,0.97436)
(-0.0612566,1.05884)
(0.0750584,1.16382)
(-0.0531807,0.823003)
(-0.635957,0.360066)
(-1.09426,0.198253)
(-1.05016,0.235028)
(-0.922756,0.109043)
(-0.959843,-0.051235)
(-0.846144,-0.192149)
(-0.960194,-0.129477)
(-0.772687,0.0432776)
(0.322473,0.0048774)
(0.973642,-0.0253437)
(1.14968,0.142154)
(1.13016,0.144666)
(0.809421,0.0875828)
(0.838745,-0.0194145)
(1.06532,0.0466902)
(0.703228,0.0673731)
(-0.316659,-0.00288037)
(-1.17835,0.106827)
(-1.14762,0.0142214)
(-1.13465,-0.111473)
(-1.0224,-0.00267845)
(-0.99861,-0.118803)
(-1.03953,-0.14806)
(-0.8593,-0.0140976)
(-0.23554,0.632013)
(0.0614205,1.10847)
(-0.163179,0.8818)
(-0.0396932,0.925075)
(0.0199057,1.2851)
(-0.190068,0.964611)
(-0.199891,0.831747)
(-0.191571,0.892328)
(-0.0746903,0.907305)
(0.0608334,1.06644)
(-0.0969373,1.18648)
(0.0723437,0.9736)
(0.240343,0.947603)
(0.0751472,1.00507)
(0.187242,1.04884)
(0.234024,0.715469)
(0.538277,0.162517)
(0.870226,-0.118443)
(1.16968,-0.190667)
(1.08955,-0.203983)
(1.02997,0.0643101)
(1.1073,0.000747507)
(1.11313,-0.214591)
(0.817536,0.0567283)
(0.264652,0.760334)
(0.158428,0.998611)
(0.0690012,0.844414)
(-0.0460261,1.02993)
(-0.0038186,1.0475)
(0.0216629,1.08523)
(0.299477,0.983061)
(-0.12682,0.576084)
(-0.829882,0.139398)
(-1.2051,-0.0899917)
(-1.03172,-0.0374677)
(-1.03049,0.0940191)
(-1.04646,0.060451)
(-0.958788,-0.0196426)
(-1.02928,-0.136697)
(-1.12033,-0.231619)
(-1.00521,-0.123835)
(-0.894799,0.0315023)
(-0.977599,-0.00537298)
(-1.18288,-0.124711)
(-0.979402,-0.0769435)
(-0.823805,-0.00201141)
(-0.768987,0.0977125)
(-0.83876,0.214044)
(-0.787804,0.112425)
(-0.84297,0.109836)
(-0.883664,0.192794)
(-0.985389,0.195723)
(-1.10915,-0.0136573)
(-1.08636,-0.164675)
(-0.856343,0.105064)
(-0.826436,0.183494)
(-1.0314,-0.0533613)
(-1.14421,-0.0175018)
(-0.997141,0.218375)
(-1.02592,0.0266351)
(-1.02273,-0.0784326)
(-1.00884,-0.0503883)
(-0.961717,-0.160647)
(-0.910845,0.059974)
(-0.320456,0.835695)
(0.0116279,1.08142)
(-0.0653653,1.12866)
(-0.0680462,1.03422)
(-0.0570049,0.854753)
(0.0239081,0.92132)
(-0.0871928,1.02816)
(0.0983343,0.846765)
(0.870229,0.0132948)
(1.2179,-0.22464)
(1.03492,0.0294542)
(1.13629,-0.071687)
(1.0519,-0.0426036)
(1.10634,-0.0134803)
(1.19266,0.0049189)
(0.99002,-0.248689)
(0.296781,-0.646955)
(-0.0168427,-0.974605)
(0.036176,-0.852063)
(-0.0808435,-0.932299)
(-0.140287,-1.11953)
(0.13835,-0.997787)
(0.191798,-0.959459)
(-0.118885,-0.939625)
(-0.0607423,-1.00338)
(0.102565,-1.42938)
(-0.0177899,-1.21028)
(-0.065792,-0.804862)
(0.0806667,-0.879854)
(0.151773,-0.935024)
(0.100019,-0.970006)
(-0.153151,-0.767162)
(-0.697072,-0.221342)
(-0.898019,0.00744031)
(-0.902629,-0.288742)
(-1.05622,-0.074723)
(-0.980193,0.111934)
(-0.9436,-0.0866508)
(-0.974674,0.0309262)
(-0.866331,0.0549634)
(-0.294368,-0.64489)
(0.110027,-1.10398)
(0.057055,-1.19157)
(0.0309428,-1.11243)
(-0.159243,-0.987829)
(-0.0833203,-0.959314)
(0.129491,-1.12743)
(-0.166821,-0.967761)
(-0.733863,-0.25169)
(-0.896191,0.0750951)
(-0.820664,-0.0983276)
(-1.17144,-0.135941)
(-1.12565,-0.0594439)
(-1.02993,-0.247426)
(-1.01997,-0.00537189)
(-0.621059,-0.102697)
(0.558688,-0.162348)
(1.1379,-0.047937)
(0.938865,-0.246307)
(1.02086,-0.213848)
(1.01934,-0.00188497)
(0.982181,-0.0199062)
(1.03827,-0.085427)
(1.03383,-0.0970004)
(1.16676,-0.0121924)
(1.23693,0.0350832)
(1.05659,0.0385808)
(0.872269,0.097946)
(1.01822,0.136015)
(1.1118,0.162937)
(0.907038,0.13605)
(0.665704,-0.14846)
(0.141491,-0.675644)
(-0.184005,-0.929793)
(-0.14859,-0.80156)
(0.0131707,-0.9385)
(0.0127839,-1.01484)
(-0.115909,-0.961735)
(0.0443313,-0.796159)
(0.0764197,-0.860488)
(0.0672568,-0.926899)
(0.0451054,-0.923515)
(-0.0615427,-0.90784)
(-0.176701,-0.868637)
(-0.0947116,-0.990504)
(0.137994,-1.10156)
(-0.0116828,-1.14399)
(-0.256035,-0.564158)
(-0.0514014,0.521055)
(0.146272,1.20952)
(0.0411134,1.15133)
(1.18535e-05,1.04459)
(-0.0997316,1.14823)
(-0.244098,1.13218)
(-0.228669,1.0912)
(-0.243369,1.02108)
(-0.702305,0.47935)
(-1.02765,0.125063)
(-0.969739,-0.166503)
(-1.05568,-0.169024)
(-1.06749,0.182685)
(-1.09773,-0.0197221)
(-1.29443,-0.139303)
(-0.681594,0.149688)
(0.448539,0.150084)
(0.939646,0.0974353)
(1.01307,0.0931123)
(0.866476,0.00814331)
(0.71999,-0.111407)
(0.88441,-0.0541792)
(1.01296,0.028422)
(0.671215,-0.0694306)
(-0.355547,0.168776)
(-1.21656,0.226672)
(-1.27953,-0.0214594)
(-1.14534,-0.0757154)
(-1.01833,0.0769077)
(-0.926908,0.0976079)
(-1.13549,0.026259)
(-0.850753,-0.00785845)
(-0.0977329,0.746891)
(0.0490145,0.902749)
(-0.0105073,0.78715)
(0.174635,1.12233)
(0.247839,1.13389)
(0.17959,1.0217)
(0.0811835,0.871764)
(-0.0182479,0.555562)
(-0.0152261,-0.416922)
(-0.0812499,-1.10143)
(0.0561883,-1.06247)
(0.161546,-1.05649)
(0.11958,-1.01692)
(0.0180247,-0.968126)
(-0.0352836,-0.905742)
(-0.158712,-0.836548)
(-0.593888,-0.436644)
(-1.04914,-0.04418)
(-1.03423,0.00149511)
(-1.06744,0.0341627)
(-1.02399,-0.0215709)
(-0.957429,0.0863299)
(-1.01166,0.0220929)
(-0.98969,-0.321877)
(-0.302757,-0.836923)
(-0.00232078,-1.17715)
(0.0366827,-1.09308)
(0.193492,-0.981898)
(0.10899,-0.886847)
(0.010863,-1.10641)
(-0.0918483,-1.09368)
(0.045329,-1.00479)
(0.206004,-1.00593)
(-0.0420531,-1.05071)
(-0.169606,-1.17503)
(-0.14066,-0.823763)
(-0.0538111,-0.786835)
(0.00758991,-1.01876)
(0.00626752,-1.05258)
(0.0329341,-1.06571)
(0.00380573,-1.34008)
(-0.178143,-1.03288)
(-0.190389,-0.962134)
(-0.207388,-1.15092)
(-0.162584,-1.19371)
(0.142975,-1.02519)
(0.34429,-0.822932)
(0.292614,-1.01354)
(0.10554,-1.08694)
(-0.133981,-1.01997)
(-0.378817,-1.14039)
(-0.312049,-1.23124)
(0.0435343,-0.929073)
(0.00600929,-0.776145)
(-0.109749,-0.96051)
(-0.0416812,-1.14623)
(0.116939,-1.19885)
(0.0672373,-1.13182)
(0.00724861,-1.09653)
(0.0780429,-0.980825)
(0.0957527,-0.970799)
(0.048783,-1.04423)
(-0.196096,-1.14124)
(-0.353584,-1.08801)
(-0.854433,-0.294689)
(-1.0113,0.104149)
(-0.871623,0.000851147)
(-0.789171,-0.0313433)
(-0.89333,0.0374461)
(-1.17539,0.00615203)
(-1.01961,-0.051748)
(-0.975575,-0.14624)
(-1.06128,-0.0699317)
(-0.916656,0.224136)
(-1.06379,0.0124623)
(-1.08038,-0.152717)
(-0.971708,0.0170745)
(-1.02092,0.032403)
(-1.04959,-0.0352247)
(-0.799344,-0.0136654)
(-1.04381,-0.0184539)
(-1.04856,-0.155862)
(-1.115,0.0309939)
(-1.11288,0.0718396)
(-1.03226,-0.106804)
(-1.04595,-0.0419751)
(-0.970025,-0.00757011)
(-0.52792,0.256999)
(0.709215,0.0885555)
(1.27701,0.0718487)
(0.940363,0.0227823)
(0.918104,0.0628564)
(0.995397,0.0325569)
(0.991552,0.0329809)
(1.15813,0.160592)
(0.951701,-0.0189604)
(0.281388,-0.63745)
(-0.122284,-1.06594)
(-0.114609,-1.07562)
(-0.0223642,-0.968924)
(-0.0508326,-0.951999)
(0.124622,-1.03953)
(0.172338,-1.07039)
(-0.1423,-0.750585)
(-0.811068,-0.125587)
(-1.09423,0.0576167)
(-1.10172,0.0807341)
(-1.04668,0.194586)
(-1.00903,0.0984617)
(-1.12261,0.0033396)
(-1.04528,-0.0304746)
(-0.917547,-0.0729494)
(-1.076,-0.0736631)
(-1.05384,-0.22635)
(-1.12062,-0.236742)
(-1.00743,-0.0139103)
(-0.852465,0.0670633)
(-0.961727,0.0484032)
(-1.12977,0.073705)
(-0.968058,0.083462)
(-0.265639,-0.731116)
(0.110926,-1.03949)
(-0.0403132,-0.909415)
(0.0519305,-0.955325)
(-0.0697276,-0.861579)
(-0.0539957,-1.03251)
(0.116437,-1.11987)
(0.0300075,-0.877969)
(-0.621012,-0.294523)
(-0.984106,0.247163)
(-1.08336,0.0528528)
(-0.9643,0.0480142)
(-0.799708,0.069724)
(-0.988523,0.173551)
(-1.1035,0.18127)
(-0.976166,-0.0478963)
(-0.946703,0.0106706)
(-0.891504,0.289495)
(-0.870717,0.0933773)
(-0.878255,-0.0308558)
(-0.87571,0.0333351)
(-0.939551,-0.108207)
(-0.872919,-0.0579552)
(-0.763856,-0.18673)
(-0.366658,-0.652052)
(0.063527,-1.04308)
(4.21208e-06,-1.11344)
(-0.110844,-1.06)
(0.00502648,-0.958898)
(-0.0431372,-0.977559)
(0.0266356,-0.940018)
(0.337204,-0.783817)
(0.834111,-0.252675)
(1.02759,0.210219)
(1.01402,0.0691406)
(0.875828,0.0139198)
(1.06523,0.0778185)
(1.21055,-0.0762758)
(1.19671,-0.266012)
(0.798133,-0.00797862)
(-0.446233,0.159953)
(-0.981728,-0.0528743)
(-0.883343,-0.285684)
(-1.05479,-0.139769)
(-1.09285,0.00854822)
(-1.10436,0.0991494)
(-1.16122,0.055353)
(-0.954137,0.237283)
(-0.263292,0.628914)
(0.144077,0.978918)
(-0.0250287,0.947277)
(0.0356992,0.83401)
(0.0907589,0.919607)
(0.0260055,0.902073)
(-0.122672,0.739522)
(0.175737,0.69821)
(0.759551,0.403208)
(1.05256,0.00562963)
(0.982653,0.0814107)
(0.940618,0.224909)
(0.985591,0.0510367)
(1.15464,-0.235082)
(1.04658,-0.23419)
(0.833164,0.259823)
(0.219589,0.914487)
(-0.166972,1.19085)
(0.114008,1.25538)
(0.0589074,1.21406)
(-0.0878222,1.02788)
(-0.0112006,0.822977)
(-0.06968,1.007)
(-0.103758,0.826024)
(0.174854,-0.299061)
(0.185346,-1.03308)
(0.110773,-0.725676)
(0.180105,-0.700855)
(0.0287439,-0.848861)
(-0.0296076,-1.04252)
(-0.106708,-1.14856)
(-0.0229899,-0.668667)
(0.0811334,0.617929)
(0.0227419,1.30345)
(-0.0941232,1.03775)
(-0.00823135,1.09056)
(-0.00865992,1.08815)
(0.032349,1.08861)
(0.252155,1.18062)
(-0.00675903,0.900223)
(-0.848192,0.323682)
(-1.19058,-0.0647655)
(-0.843732,0.0131241)
(-0.74787,0.163269)
(-1.08545,0.151395)
(-1.28476,0.0549352)
(-1.1291,0.201828)
(-1.15944,0.18297)
(-1.08356,-0.0332359)
(-1.05467,0.0589884)
(-1.06967,-0.119445)
(-1.01749,-0.069568)
(-0.948229,0.0129592)
(-0.828394,-0.157441)
(-0.999678,-0.0797108)
(-0.706238,0.0133141)
(0.486883,-0.0373483)
(1.13681,-0.0659258)
(1.05265,-0.0303188)
(0.858106,-0.0878246)
(1.09723,-0.0779108)
(0.962395,-0.0647587)
(0.825637,-0.0983947)
(0.587221,-0.110643)
(-0.501215,0.0569657)
(-1.04048,0.0504981)
(-0.792399,-0.083111)
(-0.843092,0.145644)
(-0.918428,0.196552)
(-0.94878,-0.0394639)
(-1.19463,0.0897685)
(-0.637948,0.208638)
(0.377143,0.0200912)
(1.15136,-0.0858301)
(1.05949,-0.0401462)
(1.0475,-0.124732)
(1.18997,0.0890948)
(1.14367,0.0370012)
(1.1051,0.012472)
(1.092,0.091442)
(0.976586,-0.101276)
(0.959263,-0.069195)
(1.0423,0.0645447)
(0.889538,0.0244053)
(1.10527,0.0799001)
(1.19113,0.120444)
(1.05327,0.136051)
(0.667616,-0.0958659)
(0.223267,-0.911672)
(0.0228571,-1.14696)
(0.0653474,-0.888616)
(0.0619916,-0.902593)
(0.15674,-0.955963)
(0.0974524,-1.00733)
(0.0461067,-1.11432)
(-0.0189114,-0.545398)
(0.00687573,0.539615)
(0.0983409,1.04623)
(0.17705,1.02998)
(-0.00342417,1.06957)
(-0.164522,0.922414)
(-0.191638,0.951043)
(-0.033332,0.818372)
(0.0869158,0.963807)
(-0.088879,1.24985)
(-0.167327,1.09799)
(-0.141441,0.90505)
(0.120229,0.988321)
(0.197578,0.960847)
(-0.148075,0.793127)
(-0.086004,0.83523)
(0.0592059,1.04591)
(-0.0219152,1.10583)
(-0.0436868,0.920874)
(0.0100936,0.969728)
(0.0301848,0.938469)
(-0.0274799,1.04675)
(-0.184455,1.11875)
(-0.178806,1.1449)
(-0.0378766,0.816934)
(0.677372,0.213712)
(0.986992,-0.0212882)
(1.03036,0.123709)
(0.904306,0.0452468)
(0.855211,-0.0631789)
(1.10967,-0.109206)
(1.16505,-0.108124)
(0.669555,-0.00672691)
(-0.397434,0.116283)
(-0.988419,0.0144326)
(-0.897073,-0.015642)
(-1.11707,-0.0521272)
(-0.912154,-0.0392702)
(-0.943577,0.150824)
(-1.05353,0.0359711)
(-0.896477,-0.0107438)
(-0.986781,-0.17253)
(-1.00294,-0.141604)
(-0.946689,0.0434242)
(-1.03221,-0.00198455)
(-1.19105,-0.0315065)
(-1.00094,0.128607)
(-1.01336,0.044733)
(-0.928605,-0.360904)
(-0.339846,-0.913858)
(0.161255,-1.09069)
(0.15585,-0.846169)
(-0.0331987,-0.837303)
(0.00405104,-1.10542)
(0.0743698,-1.29525)
(-0.167741,-1.15317)
(0.192313,-0.693162)
(0.825049,-0.193317)
(1.01119,0.0236524)
(1.04909,0.0749396)
(0.864653,-0.0379937)
(0.894775,-0.0939289)
(0.865219,-0.144651)
(1.03722,-0.0184783)
(1.08396,0.110678)
(1.06173,0.0483777)
